[case]
rpm = 1300
v_inf = 0.0
twist = 0

[rotor]
nblades = 2
diameter = 3.0
radius_hub = 0.1
section = NACA_4412 GOE_450 GOE_450 GOE_450 GOE_450 GOE_450 GOE_408 GOE_408
radius = 0.07112 0.10668 0.14224 0.1778 0.21336 0.24892 0.28448 0.32004
chord  = 0.15 0.15 0.15 0.15 0.15 0.15 0.15 0.15 
pitch = 19.6 17.9 14.4 11.6 9.7 8.4 7.2 6.7

[fluid]
rho = 1.225
mu = 1.81e-5
