[case]
coaxial = True
rpm = 1300
rpm2 = 1300
v_inf = 0.0
twist = 0.0
dz = 0.40

[rotor]
nblades = 2
diameter = 3.0
radius_hub = 0.21
section = hs1606 hs1606 hs1606 hs1606 hs1606 hs1606
radius = 0.125 0.375 0.625 0.875 1.125 1.375
chord = 0.15 0.15 0.15 0.15 0.15 0.15
pitch = 15.0 15.0 15.0 15.0 15.0 15.0

[rotor2]
nblades = 2
diameter = 3.0
radius_hub = 0.21
section = hs1606 hs1606 hs1606 hs1606 hs1606 hs1606
radius = 0.125 0.375 0.625 0.875 1.125 1.375
chord = 0.15 0.15 0.15 0.15 0.15 0.15
pitch = 15.0 15.0 15.0 15.0 15.0 15.0

[fluid]
rho = 0.923247
mu = 0.0000177286